,0,1,2,3,4,5,6,7,8,9,10,11,12,13,14
CAPEX,399280000.0,1251000000.0,1199040000.0,0.0,0.0,0.0,0.0,0.0,0.0,0.0,0.0,0.0,0.0,0.0,0.0
CCC,0.08268493150684894,0.08268493150684894,0.08268493150684894,0.08268493150684894,0.08268493150684894,0.08268493150684894,0.08268493150684894,0.08268493150684894,0.08268493150684894,0.08268493150684894,0.08268493150684894,0.08268493150684894,0.08268493150684894,0.08268493150684894,0.08268493150684894
COS,0.0,0.0,1187426814.1056004,1105712951.3855999,1047140080.3583997,980447279.616,919298178.6624002,852673986.6624005,812127920.9472003,758629545.2928003,721116439.6032001,675488507.3280003,634588341.1200001,597459104.1792002,562986896.7167997
CostofSales,39928000.0,165028000.0,1472358814.1055987,1390644951.3856,1332072080.3583999,1265379279.616,1204230178.6623995,1137605986.6624002,1097059920.9472003,1043561545.2928,966120439.6032,795392507.3280004,634588341.1200001,597459104.1792002,562986896.7167997
DWC,0.0,0.0,-142159530.0821916,18411998.12383564,9434988.887671243,-3595954.9019178106,-173139.7610958784,-11269027.72602738,-6484200.46027398,-7202340.138082207,15877000.030684965,12776471.013698652,9816375.609862998,10964345.345753439,10584919.311780792
Depreciation,39928000.0,165028000.0,284932000.0,284932000.0,284932000.0,284932000.0,284932000.0,284932000.0,284932000.0,284932000.0,245004000.0,119904000.0,0.0,0.0,0.0
GM,-39928000.0,-165028000.0,249784993.89439997,102006886.05439991,50436556.121600024,154021894.784,232032531.7376,428140170.13760006,552029328.9728001,690721263.9872003,574074040.3967999,588803532.6719998,633278436.48,535281448.7807998,442850661.0432001
NCF,-389247600.0,-1209561350.0,-863162359.20896,243930129.09183988,214011748.74879974,288205926.8752,345118905.44991994,483316366.06864035,567780366.9232002,666299118.1340797,553315347.7747197,452608101.5539211,374209647.4540801,311463474.5044801,252458961.71328008
NI,-29895600.0,-123589350.0,50945640.791039966,-41001870.908160105,-70920251.25120008,3273926.875199988,60186905.44991993,198384366.06864005,282848366.9231999,381367118.1340806,308311347.7747197,332704101.55392057,374209647.4540801,311463474.5044801,252458961.71328008
NPV,-389247600.0,-1099601227.2727277,-713357321.6602979,183268316.37253174,146172904.00163928,178953205.4288392,194810624.89517453,248017716.9218866,264873731.5078629,282575869.1243501,213327019.27291083,158636378.4505032,119234725.96339789,90219874.15297383,66480335.0487686
NumberofProductsSold,"[0.0, 0.0, 0.0, 0.0, 0.0, 0.0, 0.0, 0.0, 0.0, 0.0, 0.0, 0.0]","[0.0, 0.0, 0.0, 0.0, 0.0, 0.0, 0.0, 0.0, 0.0, 0.0, 0.0, 0.0]","[0.0, 15492816.000000019, 0.0, 0.0, 0.0, 0.0, 0.0, 0.0, 0.0, 0.0, 0.0, 0.0]","[0.0, 0.0, 0.0, 0.0, 4143283.199999998, 0.0, 0.0, 0.0, 0.0, 0.0, 0.0, 0.0]","[0.0, 0.0, 0.0, 0.0, 0.0, 0.0, 0.0, 0.0, 0.0, 0.0, 980351.4240000022, 0.0]","[0.0, 0.0, 0.0, 0.0, 0.0, 0.0, 0.0, 0.0, 0.0, 0.0, 1124407.007999997, 0.0]","[0.0, 0.0, 0.0, 0.0, 0.0, 0.0, 0.0, 0.0, 0.0, 0.0, 1243540.2239999992, 0.0]","[0.0, 0.0, 0.0, 0.0, 0.0, 0.0, 0.0, 0.0, 0.0, 0.0, 1508984.927999995, 0.0]","[0.0, 0.0, 0.0, 0.0, 0.0, 0.0, 0.0, 0.0, 0.0, 0.0, 1789415.2799999986, 0.0]","[0.0, 0.0, 0.0, 0.0, 0.0, 0.0, 0.0, 0.0, 0.0, 0.0, 2063239.0560000017, 0.0]","[0.0, 0.0, 0.0, 0.0, 0.0, 0.0, 0.0, 0.0, 0.0, 0.0, 2067536.0160000012, 0.0]","[0.0, 0.0, 0.0, 0.0, 0.0, 0.0, 0.0, 0.0, 0.0, 0.0, 2049381.36, 0.0]","[0.0, 0.0, 0.0, 0.0, 0.0, 0.0, 0.0, 0.0, 0.0, 0.0, 2069738.2080000008, 0.0]","[0.0, 0.0, 0.0, 0.0, 0.0, 0.0, 0.0, 0.0, 0.0, 0.0, 2060016.3360000015, 0.0]","[0.0, 0.0, 0.0, 0.0, 0.0, 0.0, 0.0, 0.0, 0.0, 0.0, 2054215.4400000023, 0.0]"
OM,-39928000.0,-165028000.0,68495718.69439995,-55018683.020800106,-93925350.78400007,4788010.8800000055,81529903.20319995,264445579.1168,378413760.8383997,508496854.9184001,412615573.9968,444140170.0319995,499969870.1568,416182121.79839975,337504304.3327999
PercentageGlassLoss,0.0,0.0,0.14723997431936706,0.1752377659812951,0.07957463633049851,0.07957463633049851,0.07957463633049851,0.07957463633049851,0.07957463633049851,0.07957463633049851,0.07957463633049851,0.07957463633049851,0.07957463633049851,0.07957463633049851,0.07957463633049851
ProductPrice,"[132.4752, 173.30720000000005, 242.48399999999998, 238.3808, 580.8527999999998, 374.89760000000035, 618.5120000000001, 672.412, 1203.708, 1661.984, 2159.46, 2452.128]","[105.83040000000007, 136.3992000000001, 206.33759999999992, 200.86880000000002, 492.3935999999999, 334.3955999999999, 549.7128000000004, 588.82, 1065.852, 1461.768, 1926.486, 2210.4575999999997]","[85.272, 111.188, 177.54879999999997, 171.41039999999995, 421.5140000000001, 292.6992000000003, 485.4252000000004, 516.9240000000004, 932.5024000000001, 1296.0704000000012, 1735.0319999999995, 1996.1888]","[66.57119999999999, 87.68319999999999, 149.47679999999997, 145.0656000000001, 359.84480000000013, 255.0, 420.9695999999999, 455.5376000000001, 828.63, 1135.3552000000007, 1569.8815999999995, 1798.3056000000001]","[53.9136, 71.14200000000004, 126.18719999999995, 122.85919999999984, 304.29519999999997, 224.7168, 370.9584, 404.5727999999999, 726.5808000000001, 996.3888, 1408.742400000002, 1615.0]","[42.94839999999997, 56.291199999999996, 107.09280000000003, 104.37, 254.77120000000005, 197.70919999999975, 327.2127999999999, 354.42480000000006, 640.5336, 889.4088000000003, 1261.364, 1461.5608]","[35.602000000000004, 44.64, 91.29119999999995, 89.1780000000001, 219.56960000000004, 173.06919999999994, 286.38719999999984, 313.99680000000006, 568.5191999999997, 776.0000000000002, 1156.2587999999994, 1313.7123999999992]","[27.876799999999996, 36.230399999999996, 78.21840000000003, 75.48319999999998, 184.334, 151.45279999999988, 253.70840000000004, 275.77, 498.564, 688.1908000000002, 1039.7015999999994, 1180.8272]","[21.982400000000005, 28.895600000000012, 65.52479999999998, 63.53920000000002, 155.42999999999998, 134.80400000000006, 221.57279999999997, 243.7424, 434.08159999999987, 600.0383999999997, 921.9255999999997, 1058.728]","[17.9208, 23.174799999999998, 56.04480000000001, 54.1944, 134.01080000000002, 118.0944, 197.17600000000002, 213.59639999999996, 380.1600000000002, 533.8667999999997, 839.6639999999991, 950.5656000000001]","[14.044800000000004, 17.855999999999987, 48.30720000000003, 46.755600000000015, 113.49839999999995, 103.95840000000005, 172.65399999999988, 185.87800000000018, 335.7016, 465.6272000000002, 745.5, 856.9384000000003]","[11.035200000000007, 14.011199999999997, 40.78679999999999, 39.808, 96.96120000000003, 90.78160000000001, 152.75520000000012, 165.39600000000002, 296.76240000000007, 409.18, 675.27, 773.9276000000003]","[9.017999999999999, 10.9384, 34.944, 33.94560000000003, 83.03320000000004, 80.83800000000006, 134.26800000000011, 144.42000000000002, 261.1044, 362.8771999999999, 612.8639999999996, 697.3919999999997]","[7.0112000000000005, 10.064, 29.916, 28.942, 70.7, 71.31240000000005, 119.6047999999999, 129.6383999999999, 226.596, 321.43440000000015, 549.8444, 628.0031999999995]","[6.009600000000004, 7.945600000000003, 25.22, 24.88, 60.312000000000005, 62.02479999999999, 105.58080000000007, 113.58759999999998, 203.0504000000002, 281.456, 489.44160000000005, 558.7212000000001]"
RD,0.06503999999999996,0.06503999999999996,0.06503999999999996,0.06503999999999996,0.06503999999999996,0.06503999999999996,0.06503999999999996,0.06503999999999996,0.06503999999999996,0.06503999999999996,0.06503999999999996,0.06503999999999996,0.06503999999999996,0.06503999999999996,0.06503999999999996
SALES,0.0,0.0,1722143808.0,1492651837.44,1382508636.48,1419401174.4,1436262710.4,1565746156.8,1649089249.92,1734282809.28,1540194480.0,1384196040.0,1267866777.6000001,1132740552.96,1005837557.76
SG&A,0.04009999999999985,0.04009999999999985,0.04009999999999985,0.04009999999999985,0.04009999999999985,0.04009999999999985,0.04009999999999985,0.04009999999999985,0.04009999999999985,0.04009999999999985,0.04009999999999985,0.04009999999999985,0.04009999999999985,0.04009999999999985,0.04009999999999985
SubstrateCost,0.0,0.0,1649.2039084800122,1535.7124324800031,1454.361222719996,1361.7323327999998,1276.8030259200088,1184.2694259199932,1127.9554457600066,1053.6521462399928,1001.5506105600005,938.1784823999976,881.3726959999946,829.8043113599928,781.9262454400026
TAX,0.2511999999999999,0.2511999999999999,0.2511999999999999,0.2511999999999999,0.2511999999999999,0.2511999999999999,0.2511999999999999,0.2511999999999999,0.2511999999999999,0.2511999999999999,0.2511999999999999,0.2511999999999999,0.2511999999999999,0.2511999999999999,0.2511999999999999
WC,0.0,0.0,142159530.0821916,123747531.95835617,114312543.07068491,117908497.97260301,118081637.73369882,129350665.45972633,135834865.9200005,143037206.0580821,127160206.02739744,114383735.01369852,104567359.40383556,93603014.05808216,83018094.74630132
